<town>
0000000000000000000000009999999999999999990000000000000000000000
0000009900999999999999995577555555555555559900990000000000000000
0000009999555555555599555555775555555555555599990000000000000000
0000009955555555559955555555557755555555555555990000000000000000
0000995555555555995555555555555577555555555555559900000000000000
0099555555555599995555555555555599775555555555555599000000000000
9977777777777777995599995599995599999999999999999900000099000000
0099555555555555995599995599995599995555999955559999999999990000
0099559999559999995599995599995599995555999955559955555555559900
0099559999559999995555555555555599999999999999999955555555555599
0099555555555555995555555555555599999999999999999999999999999900
0099555555555555995555555555555599999999999999999999559999559900
<shop>
0000000000000000000000000000000000000000000000000000000000000000
0000000000000000000000000000000000000000000000000000000000000000
0000000000000000000000000000000000000000000000000000000000000000
0000000000000000000000000000000000000000000000000000000000000000
0000000000000000000099999999999999999999000000000000000000000000
0000000000000000009977777777777777779999000000000000000000000000
0000000000000000997777777777777777995599000000000000000000000000
0000000000000000997799995555557777555599000000000000000000000000
0000000000000000009999995555555599555599000000000000000000000000
0000000000000000009999999999999999999999000099999999990000000000
0000000000000000009955555555555599999999009955555555990000000000
0000000000000000009955555555555599999999000099777799000000000000
<healer>
0000000000999999999999999999000000000000000000000000000000000000
0000000000995555555599999999000000000000009900000000000000000000
0000000000995599995599999999000000000000999999000000000000000000
0000000000995599995599999999000000000000009900000000000000000000
0000000000995555555599999999999999999999999999000000000000000000
0000000000995555555599555555555555555555559999990000000000000000
0000000000995555559955555555555555555555999999999900000000000000
0000000000995555995555555555555555555599995599559999000000000000
0000000000995599777777777777777777779999995599559999990000000000
0000000000995555995555555555555555555599999999999999000000000000
0000000000995555995555995555555599555599999999999999000000000000
0000000000995555995555555555555555555599999999999999000000000000
